function F = FHNSystemOnNetwork1_multilinearforms
F.A = @A;
F.J1 = @J1;
F.B = @B;
F.A1 = @A1;
F.J2 = @J2;
F.C = @C;
F.J3 = @J3;
F.B1 = @B1;
F.A2 = @A2;

function A = A(in1,in2)
%A
%    A = A(IN1,IN2)

%    This function was generated by the Symbolic Math Toolbox version 9.1.
%    17-Feb-2025 00:19:00

a = in2(:,1);
c = in2(:,2);
d1 = in2(:,3);
d2 = in2(:,4);
u1 = in1(:,1);
u2 = in1(:,3);
u3 = in1(:,5);
u4 = in1(:,7);
u5 = in1(:,9);
u6 = in1(:,11);
u7 = in1(:,13);
u8 = in1(:,15);
u9 = in1(:,17);
u10 = in1(:,19);
t2 = a.*c;
t3 = d1.*2.0;
t4 = d2.*2.0;
t5 = -d1;
t7 = -d2;
t6 = -t3;
t8 = -t4;
t9 = -t2;
t10 = t7+t9;
t11 = t8+t9;
mt1 = [t5-u1.^2.*3.0+1.0,c,d1,0.0,0.0,0.0,0.0,0.0,0.0,0.0,0.0,0.0,0.0,0.0,0.0,0.0,0.0,0.0,0.0,0.0,-1.0,t10,0.0,d2,0.0,0.0,0.0,0.0,0.0,0.0,0.0,0.0,0.0,0.0,0.0,0.0,0.0,0.0,0.0,0.0,d1,0.0,t6-u2.^2.*3.0+1.0,c,d1,0.0,0.0,0.0,0.0,0.0,0.0,0.0,0.0,0.0,0.0,0.0,0.0,0.0,0.0,0.0,0.0,d2,-1.0,t11,0.0,d2,0.0,0.0,0.0,0.0,0.0,0.0,0.0,0.0,0.0,0.0,0.0,0.0,0.0,0.0,0.0,0.0,d1,0.0,t6-u3.^2.*3.0+1.0,c,d1,0.0,0.0,0.0,0.0,0.0,0.0,0.0,0.0,0.0,0.0,0.0,0.0,0.0,0.0,0.0,0.0,d2,-1.0,t11,0.0,d2,0.0,0.0,0.0,0.0,0.0,0.0,0.0,0.0,0.0,0.0,0.0,0.0,0.0,0.0,0.0,0.0,d1,0.0,t6-u4.^2.*3.0+1.0,c,d1,0.0,0.0,0.0,0.0,0.0,0.0,0.0,0.0,0.0,0.0,0.0,0.0,0.0,0.0,0.0,0.0,d2,-1.0,t11,0.0,d2,0.0,0.0,0.0,0.0,0.0,0.0,0.0,0.0,0.0,0.0,0.0,0.0,0.0,0.0];
mt2 = [0.0,0.0,d1,0.0,t6-u5.^2.*3.0+1.0,c,d1,0.0,0.0,0.0,0.0,0.0,0.0,0.0,0.0,0.0,0.0,0.0,0.0,0.0,0.0,0.0,0.0,d2,-1.0,t11,0.0,d2,0.0,0.0,0.0,0.0,0.0,0.0,0.0,0.0,0.0,0.0,0.0,0.0,0.0,0.0,0.0,0.0,d1,0.0,t6-u6.^2.*3.0+1.0,c,d1,0.0,0.0,0.0,0.0,0.0,0.0,0.0,0.0,0.0,0.0,0.0,0.0,0.0,0.0,0.0,0.0,d2,-1.0,t11,0.0,d2,0.0,0.0,0.0,0.0,0.0,0.0,0.0,0.0,0.0,0.0,0.0,0.0,0.0,0.0,0.0,0.0,d1,0.0,t6-u7.^2.*3.0+1.0,c,d1,0.0,0.0,0.0,0.0,0.0,0.0,0.0,0.0,0.0,0.0,0.0,0.0,0.0,0.0,0.0,0.0,d2,-1.0,t11,0.0,d2,0.0,0.0,0.0,0.0,0.0,0.0,0.0,0.0,0.0,0.0,0.0,0.0,0.0,0.0,0.0,0.0,d1,0.0,t6-u8.^2.*3.0+1.0,c,d1,0.0,0.0,0.0,0.0,0.0,0.0,0.0,0.0,0.0,0.0,0.0,0.0,0.0,0.0,0.0,0.0,d2,-1.0,t11,0.0,d2,0.0,0.0,0.0,0.0,0.0,0.0,0.0,0.0,0.0,0.0];
mt3 = [0.0,0.0,0.0,0.0,0.0,0.0,d1,0.0,t6-u9.^2.*3.0+1.0,c,d1,0.0,0.0,0.0,0.0,0.0,0.0,0.0,0.0,0.0,0.0,0.0,0.0,0.0,0.0,0.0,0.0,d2,-1.0,t11,0.0,d2,0.0,0.0,0.0,0.0,0.0,0.0,0.0,0.0,0.0,0.0,0.0,0.0,0.0,0.0,0.0,0.0,d1,0.0,t5-u10.^2.*3.0+1.0,c,0.0,0.0,0.0,0.0,0.0,0.0,0.0,0.0,0.0,0.0,0.0,0.0,0.0,0.0,0.0,0.0,0.0,d2,-1.0,t10];
A = reshape([mt1,mt2,mt3],20,20);

function J1 = J1(in1,in2)
%J1
%    J1 = J1(IN1,IN2)

%    This function was generated by the Symbolic Math Toolbox version 9.1.
%    17-Feb-2025 00:19:01

a = in2(:,1);
c = in2(:,2);
u1 = in1(:,1);
u2 = in1(:,3);
u3 = in1(:,5);
u4 = in1(:,7);
u5 = in1(:,9);
u6 = in1(:,11);
u7 = in1(:,13);
u8 = in1(:,15);
u9 = in1(:,17);
u10 = in1(:,19);
v1 = in1(:,2);
v2 = in1(:,4);
v3 = in1(:,6);
v4 = in1(:,8);
v5 = in1(:,10);
v6 = in1(:,12);
v7 = in1(:,14);
v8 = in1(:,16);
v9 = in1(:,18);
v10 = in1(:,20);
t2 = -v1;
t3 = -v10;
mt1 = [0.0,c.*t2,0.0,-c.*v2,0.0,-c.*v3,0.0,-c.*v4,0.0,-c.*v5,0.0,-c.*v6,0.0,-c.*v7,0.0,-c.*v8,0.0,-c.*v9,0.0,c.*t3,0.0,u1+a.*t2,0.0,u2-a.*v2,0.0,u3-a.*v3,0.0,u4-a.*v4,0.0,u5-a.*v5,0.0,u6-a.*v6,0.0,u7-a.*v7,0.0,u8-a.*v8,0.0,u9-a.*v9,0.0,u10+a.*t3,-u1+u2,0.0,u1-u2.*2.0+u3,0.0,u2-u3.*2.0+u4,0.0,u3-u4.*2.0+u5,0.0,u4-u5.*2.0+u6,0.0,u5-u6.*2.0+u7,0.0,u6-u7.*2.0+u8,0.0,u7-u8.*2.0+u9,0.0];
mt2 = [u8-u9.*2.0+u10,0.0,u9-u10,0.0,0.0,t2+v2,0.0,v1-v2.*2.0+v3,0.0,v2-v3.*2.0+v4,0.0,v3-v4.*2.0+v5,0.0,v4-v5.*2.0+v6,0.0,v5-v6.*2.0+v7,0.0,v6-v7.*2.0+v8,0.0,v7-v8.*2.0+v9,0.0,v8-v9.*2.0+v10,0.0,t3+v9];
J1 = reshape([mt1,mt2],20,4);

function B = B(in1,in2,in3,in4)
%B
%    B = B(IN1,IN2,IN3,IN4)

%    This function was generated by the Symbolic Math Toolbox version 9.1.
%    17-Feb-2025 00:19:01

u1 = in1(:,1);
u2 = in1(:,3);
u3 = in1(:,5);
u4 = in1(:,7);
u5 = in1(:,9);
u6 = in1(:,11);
u7 = in1(:,13);
u8 = in1(:,15);
u9 = in1(:,17);
u10 = in1(:,19);
v11 = in3(1,:);
v13 = in3(3,:);
v15 = in3(5,:);
v17 = in3(7,:);
v19 = in3(9,:);
v21 = in4(1,:);
v23 = in4(3,:);
v25 = in4(5,:);
v27 = in4(7,:);
v29 = in4(9,:);
v111 = in3(11,:);
v113 = in3(13,:);
v115 = in3(15,:);
v117 = in3(17,:);
v119 = in3(19,:);
v211 = in4(11,:);
v213 = in4(13,:);
v215 = in4(15,:);
v217 = in4(17,:);
v219 = in4(19,:);
B = [u1.*v11.*v21.*-6.0;0.0;u2.*v13.*v23.*-6.0;0.0;u3.*v15.*v25.*-6.0;0.0;u4.*v17.*v27.*-6.0;0.0;u5.*v19.*v29.*-6.0;0.0;u6.*v111.*v211.*-6.0;0.0;u7.*v113.*v213.*-6.0;0.0;u8.*v115.*v215.*-6.0;0.0;u9.*v117.*v217.*-6.0;0.0;u10.*v119.*v219.*-6.0;0.0];

function J2 = J2(in1,in2,in3,in4)
%J2
%    J2 = J2(IN1,IN2,IN3,IN4)

%    This function was generated by the Symbolic Math Toolbox version 9.1.
%    17-Feb-2025 00:19:01

p11 = in3(1,:);
p12 = in3(2,:);
p21 = in4(1,:);
p22 = in4(2,:);
v1 = in1(:,2);
v2 = in1(:,4);
v3 = in1(:,6);
v4 = in1(:,8);
v5 = in1(:,10);
v6 = in1(:,12);
v7 = in1(:,14);
v8 = in1(:,16);
v9 = in1(:,18);
v10 = in1(:,20);
J2 = [0.0;-p11.*p22.*v1-p12.*p21.*v1;0.0;-p11.*p22.*v2-p12.*p21.*v2;0.0;-p11.*p22.*v3-p12.*p21.*v3;0.0;-p11.*p22.*v4-p12.*p21.*v4;0.0;-p11.*p22.*v5-p12.*p21.*v5;0.0;-p11.*p22.*v6-p12.*p21.*v6;0.0;-p11.*p22.*v7-p12.*p21.*v7;0.0;-p11.*p22.*v8-p12.*p21.*v8;0.0;-p11.*p22.*v9-p12.*p21.*v9;0.0;-p11.*p22.*v10-p12.*p21.*v10];

function A1 = A1(in1,in2,in3,in4)
%A1
%    A1 = A1(IN1,IN2,IN3,IN4)

%    This function was generated by the Symbolic Math Toolbox version 9.1.
%    17-Feb-2025 00:19:01

a = in2(:,1);
c = in2(:,2);
p11 = in4(1,:);
p12 = in4(2,:);
p13 = in4(3,:);
p14 = in4(4,:);
v11 = in3(1,:);
v12 = in3(2,:);
v13 = in3(3,:);
v14 = in3(4,:);
v15 = in3(5,:);
v16 = in3(6,:);
v17 = in3(7,:);
v18 = in3(8,:);
v19 = in3(9,:);
v110 = in3(10,:);
v111 = in3(11,:);
v112 = in3(12,:);
v113 = in3(13,:);
v114 = in3(14,:);
v115 = in3(15,:);
v116 = in3(16,:);
v117 = in3(17,:);
v118 = in3(18,:);
v119 = in3(19,:);
v120 = in3(20,:);
t2 = -v14;
t3 = -v120;
mt1 = [-p13.*(v11-v13);-p14.*(t2+v12)+p12.*(v11-a.*v12)-c.*p11.*v12;p13.*(v11-v13.*2.0+v15);p12.*(v13+a.*t2)+p14.*(v12-v14.*2.0+v16)+c.*p11.*t2;p13.*(v13-v15.*2.0+v17);p12.*(v15-a.*v16)+p14.*(v14-v16.*2.0+v18)-c.*p11.*v16;p13.*(v15-v17.*2.0+v19);p12.*(v17-a.*v18)+p14.*(v16-v18.*2.0+v110)-c.*p11.*v18;p13.*(v17-v19.*2.0+v111);p12.*(v19-a.*v110)+p14.*(v18-v110.*2.0+v112)-c.*p11.*v110;p13.*(v19-v111.*2.0+v113);p12.*(v111-a.*v112)+p14.*(v110-v112.*2.0+v114)-c.*p11.*v112];
mt2 = [p13.*(v111-v113.*2.0+v115);p12.*(v113-a.*v114)+p14.*(v112-v114.*2.0+v116)-c.*p11.*v114;p13.*(v113-v115.*2.0+v117);p12.*(v115-a.*v116)+p14.*(v114-v116.*2.0+v118)-c.*p11.*v116;p13.*(v115-v117.*2.0+v119);p12.*(v117-a.*v118)+p14.*(v116-v118.*2.0+v120)-c.*p11.*v118;p13.*(v117-v119);p14.*(t3+v118)+p12.*(v119+a.*t3)+c.*p11.*t3];
A1 = [mt1;mt2];

function C = C(in1,in2,in3,in4,in5)
%C
%    C = C(IN1,IN2,IN3,IN4,IN5)

%    This function was generated by the Symbolic Math Toolbox version 9.1.
%    17-Feb-2025 00:19:01

v11 = in3(1,:);
v13 = in3(3,:);
v15 = in3(5,:);
v17 = in3(7,:);
v19 = in3(9,:);
v21 = in4(1,:);
v23 = in4(3,:);
v25 = in4(5,:);
v27 = in4(7,:);
v29 = in4(9,:);
v31 = in5(1,:);
v33 = in5(3,:);
v35 = in5(5,:);
v37 = in5(7,:);
v39 = in5(9,:);
v111 = in3(11,:);
v113 = in3(13,:);
v115 = in3(15,:);
v117 = in3(17,:);
v119 = in3(19,:);
v211 = in4(11,:);
v213 = in4(13,:);
v215 = in4(15,:);
v217 = in4(17,:);
v219 = in4(19,:);
v311 = in5(11,:);
v313 = in5(13,:);
v315 = in5(15,:);
v317 = in5(17,:);
v319 = in5(19,:);
C = [v11.*v21.*v31.*-6.0;0.0;v13.*v23.*v33.*-6.0;0.0;v15.*v25.*v35.*-6.0;0.0;v17.*v27.*v37.*-6.0;0.0;v19.*v29.*v39.*-6.0;0.0;v111.*v211.*v311.*-6.0;0.0;v113.*v213.*v313.*-6.0;0.0;v115.*v215.*v315.*-6.0;0.0;v117.*v217.*v317.*-6.0;0.0;v119.*v219.*v319.*-6.0;0.0];

function J3 = J3(in1,in2,in3,in4,in5)
%J3
%    J3 = J3(IN1,IN2,IN3,IN4,IN5)

%    This function was generated by the Symbolic Math Toolbox version 9.1.
%    17-Feb-2025 00:19:01

