function F = RDPPSystemOnNetwork1_multilinearforms
F.A = @A;
F.J1 = @J1;
F.B = @B;
F.A1 = @A1;
F.J2 = @J2;
F.C = @C;
F.J3 = @J3;
F.B1 = @B1;
F.A2 = @A2;

function A = A(in1,in2)
%A
%    A = A(IN1,IN2)

%    This function was generated by the Symbolic Math Toolbox version 9.1.
%    10-Mar-2025 17:21:45

a = in2(:,1);
b = in2(:,2);
c = in2(:,3);
d1 = in2(:,4);
d2 = in2(:,5);
u1 = in1(:,1);
u2 = in1(:,3);
u3 = in1(:,5);
u4 = in1(:,7);
u5 = in1(:,9);
u6 = in1(:,11);
u7 = in1(:,13);
u8 = in1(:,15);
u9 = in1(:,17);
u10 = in1(:,19);
v1 = in1(:,2);
v2 = in1(:,4);
v3 = in1(:,6);
v4 = in1(:,8);
v5 = in1(:,10);
v6 = in1(:,12);
v7 = in1(:,14);
v8 = in1(:,16);
v9 = in1(:,18);
v10 = in1(:,20);
t2 = b.*u1;
t3 = b.*u2;
t4 = b.*u3;
t5 = b.*u4;
t6 = b.*u5;
t7 = b.*u6;
t8 = b.*u7;
t9 = b.*u8;
t10 = b.*u9;
t11 = b.*u10;
t12 = b.^2;
t13 = d1.*2.0;
t14 = d2.*2.0;
t15 = 1.0./b;
t16 = -c;
t17 = -d1;
t19 = -d2;
t18 = -t13;
t20 = -t14;
t21 = t2+v1;
t22 = t3+v2;
t23 = t4+v3;
t24 = t5+v4;
t25 = t6+v5;
t26 = t7+v6;
t27 = t8+v7;
t28 = t9+v8;
t29 = t10+v9;
t30 = t11+v10;
t31 = 1.0./t21;
t33 = 1.0./t22;
t35 = 1.0./t23;
t37 = 1.0./t24;
t39 = 1.0./t25;
t41 = 1.0./t26;
t43 = 1.0./t27;
t45 = 1.0./t28;
t47 = 1.0./t29;
t49 = 1.0./t30;
t32 = t31.^2;
t34 = t33.^2;
t36 = t35.^2;
t38 = t37.^2;
t40 = t39.^2;
t42 = t41.^2;
t44 = t43.^2;
t46 = t45.^2;
t48 = t47.^2;
t50 = t49.^2;
t51 = t2.*t31;
t52 = t3.*t33;
t53 = t4.*t35;
t54 = t5.*t37;
t55 = t6.*t39;
t56 = t7.*t41;
t57 = t8.*t43;
t58 = t9.*t45;
t59 = t10.*t47;
t60 = t11.*t49;
t61 = b.*t31.*v1;
t62 = b.*t33.*v2;
t63 = b.*t35.*v3;
t64 = b.*t37.*v4;
t65 = b.*t39.*v5;
t66 = b.*t41.*v6;
t67 = b.*t43.*v7;
t68 = b.*t45.*v8;
t69 = b.*t47.*v9;
t70 = b.*t49.*v10;
t71 = t2.*t32.*v1;
t72 = t3.*t34.*v2;
t73 = t4.*t36.*v3;
t74 = t5.*t38.*v4;
t75 = t6.*t40.*v5;
t76 = t7.*t42.*v6;
t77 = t8.*t44.*v7;
t78 = t9.*t46.*v8;
t79 = t10.*t48.*v9;
t80 = t11.*t50.*v10;
t81 = b.*t71;
t82 = b.*t72;
t83 = b.*t73;
t84 = b.*t74;
t85 = b.*t75;
t86 = b.*t76;
t87 = b.*t77;
t88 = b.*t78;
t89 = b.*t79;
t90 = b.*t80;
mt1 = [t17-t61+t81-a.*(t15.*u1-1.0)-a.*t15.*u1,t61-t81,d1,0.0,0.0,0.0,0.0,0.0,0.0,0.0,0.0,0.0,0.0,0.0,0.0,0.0,0.0,0.0,0.0,0.0,-t51+t71,t16+t19+t51-t71,0.0,d2,0.0,0.0,0.0,0.0,0.0,0.0,0.0,0.0,0.0,0.0,0.0,0.0,0.0,0.0,0.0,0.0,d1,0.0,t18-t62+t82-a.*(t15.*u2-1.0)-a.*t15.*u2,t62-t82,d1,0.0,0.0,0.0,0.0,0.0,0.0,0.0,0.0,0.0,0.0,0.0,0.0,0.0,0.0,0.0,0.0,d2,-t52+t72,t16+t20+t52-t72,0.0,d2,0.0,0.0,0.0,0.0,0.0,0.0,0.0,0.0,0.0,0.0,0.0,0.0,0.0,0.0,0.0,0.0,d1,0.0,t18-t63+t83-a.*(t15.*u3-1.0)-a.*t15.*u3,t63-t83,d1,0.0,0.0,0.0,0.0,0.0,0.0,0.0,0.0];
mt2 = [0.0,0.0,0.0,0.0,0.0,0.0,0.0,0.0,d2,-t53+t73,t16+t20+t53-t73,0.0,d2,0.0,0.0,0.0,0.0,0.0,0.0,0.0,0.0,0.0,0.0,0.0,0.0,0.0,0.0,0.0,0.0,d1,0.0,t18-t64+t84-a.*(t15.*u4-1.0)-a.*t15.*u4,t64-t84,d1,0.0,0.0,0.0,0.0,0.0,0.0,0.0,0.0,0.0,0.0,0.0,0.0,0.0,0.0,0.0,0.0,d2,-t54+t74,t16+t20+t54-t74,0.0,d2,0.0,0.0,0.0,0.0,0.0,0.0,0.0,0.0,0.0,0.0,0.0,0.0,0.0,0.0,0.0,0.0,d1,0.0,t18-t65+t85-a.*(t15.*u5-1.0)-a.*t15.*u5,t65-t85,d1,0.0,0.0,0.0,0.0,0.0,0.0,0.0,0.0,0.0,0.0,0.0,0.0,0.0,0.0,0.0,0.0,d2,-t55+t75,t16+t20+t55-t75,0.0,d2,0.0,0.0,0.0,0.0,0.0,0.0,0.0,0.0,0.0,0.0,0.0,0.0,0.0];
mt3 = [0.0,0.0,0.0,d1,0.0,t18-t66+t86-a.*(t15.*u6-1.0)-a.*t15.*u6,t66-t86,d1,0.0,0.0,0.0,0.0,0.0,0.0,0.0,0.0,0.0,0.0,0.0,0.0,0.0,0.0,0.0,0.0,d2,-t56+t76,t16+t20+t56-t76,0.0,d2,0.0,0.0,0.0,0.0,0.0,0.0,0.0,0.0,0.0,0.0,0.0,0.0,0.0,0.0,0.0,0.0,d1,0.0,t18-t67+t87-a.*(t15.*u7-1.0)-a.*t15.*u7,t67-t87,d1,0.0,0.0,0.0,0.0,0.0,0.0,0.0,0.0,0.0,0.0,0.0,0.0,0.0,0.0,0.0,0.0,d2,-t57+t77,t16+t20+t57-t77,0.0,d2,0.0,0.0,0.0,0.0,0.0,0.0,0.0,0.0,0.0,0.0,0.0,0.0,0.0,0.0,0.0,0.0,d1,0.0,t18-t68+t88-a.*(t15.*u8-1.0)-a.*t15.*u8,t68-t88,d1,0.0,0.0,0.0];
mt4 = [0.0,0.0,0.0,0.0,0.0,0.0,0.0,0.0,0.0,0.0,0.0,0.0,0.0,d2,-t58+t78,t16+t20+t58-t78,0.0,d2,0.0,0.0,0.0,0.0,0.0,0.0,0.0,0.0,0.0,0.0,0.0,0.0,0.0,0.0,0.0,0.0,d1,0.0,t18-t69+t89-a.*(t15.*u9-1.0)-a.*t15.*u9,t69-t89,d1,0.0,0.0,0.0,0.0,0.0,0.0,0.0,0.0,0.0,0.0,0.0,0.0,0.0,0.0,0.0,0.0,d2,-t59+t79,t16+t20+t59-t79,0.0,d2,0.0,0.0,0.0,0.0,0.0,0.0,0.0,0.0,0.0,0.0,0.0,0.0,0.0,0.0,0.0,0.0,d1,0.0,t17-t70+t90-a.*(t15.*u10-1.0)-a.*t15.*u10,t70-t90,0.0,0.0,0.0,0.0,0.0,0.0,0.0,0.0,0.0,0.0,0.0,0.0,0.0,0.0,0.0,0.0,0.0,d2,-t60+t80,t16+t19+t60-t80];
A = reshape([mt1,mt2,mt3,mt4],20,20);

function J1 = J1(in1,in2)
%J1
%    J1 = J1(IN1,IN2)

%    This function was generated by the Symbolic Math Toolbox version 9.1.
%    10-Mar-2025 17:21:46

a = in2(:,1);
b = in2(:,2);
u1 = in1(:,1);
u2 = in1(:,3);
u3 = in1(:,5);
u4 = in1(:,7);
u5 = in1(:,9);
u6 = in1(:,11);
u7 = in1(:,13);
u8 = in1(:,15);
u9 = in1(:,17);
u10 = in1(:,19);
v1 = in1(:,2);
v2 = in1(:,4);
v3 = in1(:,6);
v4 = in1(:,8);
v5 = in1(:,10);
v6 = in1(:,12);
v7 = in1(:,14);
v8 = in1(:,16);
v9 = in1(:,18);
v10 = in1(:,20);
t2 = b.*u1;
t3 = b.*u2;
t4 = b.*u3;
t5 = b.*u4;
t6 = b.*u5;
t7 = b.*u6;
t8 = b.*u7;
t9 = b.*u8;
t10 = b.*u9;
t11 = b.*u10;
t12 = u1.^2;
t13 = u2.^2;
t14 = u3.^2;
t15 = u4.^2;
t16 = u5.^2;
t17 = u6.^2;
t18 = u7.^2;
t19 = u8.^2;
t20 = u9.^2;
t21 = u10.^2;
t22 = 1.0./b;
t24 = -v1;
t25 = -v10;
t23 = t22.^2;
t26 = t2+v1;
t27 = t3+v2;
t28 = t4+v3;
t29 = t5+v4;
t30 = t6+v5;
t31 = t7+v6;
t32 = t8+v7;
t33 = t9+v8;
t34 = t10+v9;
t35 = t11+v10;
t36 = 1.0./t26;
t38 = 1.0./t27;
t40 = 1.0./t28;
t42 = 1.0./t29;
t44 = 1.0./t30;
t46 = 1.0./t31;
t48 = 1.0./t32;
t50 = 1.0./t33;
t52 = 1.0./t34;
t54 = 1.0./t35;
t37 = t36.^2;
t39 = t38.^2;
t41 = t40.^2;
t43 = t42.^2;
t45 = t44.^2;
t47 = t46.^2;
t49 = t48.^2;
t51 = t50.^2;
t53 = t52.^2;
t55 = t54.^2;
t56 = t36.*u1.*v1;
t57 = t38.*u2.*v2;
t58 = t40.*u3.*v3;
t59 = t42.*u4.*v4;
t60 = t44.*u5.*v5;
t61 = t46.*u6.*v6;
t62 = t48.*u7.*v7;
t63 = t50.*u8.*v8;
t64 = t52.*u9.*v9;
t65 = t54.*u10.*v10;
t66 = t2.*t37.*u1.*v1;
t67 = t3.*t39.*u2.*v2;
t68 = t4.*t41.*u3.*v3;
t69 = t5.*t43.*u4.*v4;
t70 = t6.*t45.*u5.*v5;
t71 = t7.*t47.*u6.*v6;
t72 = t8.*t49.*u7.*v7;
t73 = t9.*t51.*u8.*v8;
t74 = t10.*t53.*u9.*v9;
t75 = t11.*t55.*u10.*v10;
mt1 = [-u1.*(t22.*u1-1.0),0.0,-u2.*(t22.*u2-1.0),0.0,-u3.*(t22.*u3-1.0),0.0,-u4.*(t22.*u4-1.0),0.0,-u5.*(t22.*u5-1.0),0.0,-u6.*(t22.*u6-1.0),0.0,-u7.*(t22.*u7-1.0),0.0,-u8.*(t22.*u8-1.0),0.0,-u9.*(t22.*u9-1.0),0.0,-u10.*(t22.*u10-1.0),0.0,t66+a.*t12.*t23+t24.*t36.*u1,t56+t2.*t24.*t37.*u1,-t57+t67+a.*t13.*t23,t57-t67,-t58+t68+a.*t14.*t23,t58-t68,-t59+t69+a.*t15.*t23,t59-t69,-t60+t70+a.*t16.*t23,t60-t70];
mt2 = [-t61+t71+a.*t17.*t23,t61-t71,-t62+t72+a.*t18.*t23,t62-t72,-t63+t73+a.*t19.*t23,t63-t73,-t64+t74+a.*t20.*t23,t64-t74,t75+a.*t21.*t23+t25.*t54.*u10,t65+t11.*t25.*t55.*u10,0.0,t24,0.0,-v2,0.0,-v3,0.0,-v4,0.0,-v5,0.0,-v6,0.0,-v7,0.0,-v8,0.0,-v9,0.0,t25,-u1+u2,0.0,u1-u2.*2.0+u3,0.0,u2-u3.*2.0+u4,0.0,u3-u4.*2.0+u5,0.0,u4-u5.*2.0+u6,0.0,u5-u6.*2.0+u7,0.0,u6-u7.*2.0+u8,0.0,u7-u8.*2.0+u9,0.0,u8-u9.*2.0+u10,0.0];
mt3 = [u9-u10,0.0,0.0,t24+v2,0.0,v1-v2.*2.0+v3,0.0,v2-v3.*2.0+v4,0.0,v3-v4.*2.0+v5,0.0,v4-v5.*2.0+v6,0.0,v5-v6.*2.0+v7,0.0,v6-v7.*2.0+v8,0.0,v7-v8.*2.0+v9,0.0,v8-v9.*2.0+v10,0.0,t25+v9];
J1 = reshape([mt1,mt2,mt3],20,5);

function B = B(in1,in2,in3,in4)
%B
%    B = B(IN1,IN2,IN3,IN4)

%    This function was generated by the Symbolic Math Toolbox version 9.1.
%    10-Mar-2025 17:21:47

a = in2(:,1);
b = in2(:,2);
u1 = in1(:,1);
u2 = in1(:,3);
u3 = in1(:,5);
u4 = in1(:,7);
u5 = in1(:,9);
u6 = in1(:,11);
u7 = in1(:,13);
u8 = in1(:,15);
u9 = in1(:,17);
u10 = in1(:,19);
v1 = in1(:,2);
v2 = in1(:,4);
v3 = in1(:,6);
v4 = in1(:,8);
v5 = in1(:,10);
v6 = in1(:,12);
v7 = in1(:,14);
v8 = in1(:,16);
v9 = in1(:,18);
v10 = in1(:,20);
v11 = in3(1,:);
v12 = in3(2,:);
v13 = in3(3,:);
v14 = in3(4,:);
v15 = in3(5,:);
v16 = in3(6,:);
v17 = in3(7,:);
v18 = in3(8,:);
v19 = in3(9,:);
v21 = in4(1,:);
v22 = in4(2,:);
v23 = in4(3,:);
v24 = in4(4,:);
v25 = in4(5,:);
v26 = in4(6,:);
v27 = in4(7,:);
v28 = in4(8,:);
